real time
2282629480   
2319188554   
1989105982   
1916954875   
1852514184   
3195862147   
2407923170   
1749256814   
2307907823   
1780445040   
2478334902   
2596588041   
1798725310   
2910844394   
2804377954   
2732903180   
3074495830   
1244876825   
3030265347   
1712882341 
  
3
1683322745      
2116561650   
2328400567   
3099821084   
1726207764   
1823196243   
2698102870   
1739857377   
1930654483 

server
1414928151 
2043915917   
1599222242   
1957330472   
2606342802   
2965854460   
2921323044   
2092390297   
2733265664   
2528460060   
2024521903   

server
2044641861   
1049614802   
1692536420   
1702844972   
2353277860   
1789363063   

server
2398679825   
2830814184   
2486338825   
3303379757   
1704095162   
3202966604   
2239170860   
3812466698   
2676392033   
3844533881   

server
1892963717   
1436601412   
2391516027   
1414768660   
1703998933


server    7_3
2293683833  
2191471350   
2261436394   
3225112374   
2519159225   
2660948297   
1898193700   
1697223324   
2357482085   
2644549410   
5061197121  

server    7_6
1987616943   
3938326426   
1925507101   
1736095342   
2134407717   
2130680193   
2653635304   
2795282557   
2085251662   
1553634627   


server  7_6_2
2738018041   
3539182555   
2530407445   
3088029503   
3962684831   
1647850037   
1647687670   
2049259672   
1164667670   
1686727842   

server 7_6_3
1647310954   
1684936355   
2155050381   
1787972573   
1878357737   
1647860065   
1714315562   
2615602617   
2358587932   
2167425990

server 7_6_4
2144749607   
2709620183   
1726254291   
1768875897   
1851284622   
2649801801   
2134598834   
1785138617   
2167428810   
3925263211   


server 7_7
1659756840   
1708232030   
2632194263   
1647681944   
1579407603   
1933629201   
1755397125   
2552349694   
3483881701   
5077793609   
1708853044   
1727007760   
1725867584   
1378413887   
2986723420   
1900617851   
2570425964   
2527262522   
2301361872   
2189797822   
1340723374   
1913140291   
2097642673   
2258897837   
2131489224   
1889702180   
1753272593   
5443612073   
3705038393   
5120556424   
1735488854   
2686283013   
2356848953   
2748579740   
1226358484   
2475885684   
1805101535   
1152689230   
1935317321   
2840048627


server 7_7_2
1899061067   
1408801655   
1812485895   
1849238082   
1879858742   
2822847512   
1839186931   
2715232012   
3658998552   
1964143041   
2156769954   
3868802549   
2430822704   
3213624707   
1935524777   
1734502083   
2664210283   
2767361212   
3547369690   
2605262107   
1226358484   
2153137750   
2367392191   
1512866561   
1731419405   
1673674411   
1266087287   
2163583002   
2030208063   
1678470655   
1909524023   
2178378707   
1652128695   
1304332497   
1492213200   
2012091951   
1973386167   
2363447524   
1885588824   
2887578952  

7_8
1583370930   
1017049843   
1638404983   
1642646625   
1947277343   
1790599757   
1923817190   
1744121717   
2730365387   
1870217355   
1870217355   
2959034033   
1946120947   
1778582110   
3208157032   
1738467801   
1725371503   
1821750514   
1748779582   
1075911423   
1741360991   
2098168167   
1773957763   
1783280223   
1686343792   
2879214094   
1708501925   
1881026215   
1688182437   
2035466644   
1368589977   
1723216305   
1789877711   
2628132635   
1761000987   
1305893004   
2110012040   
1770477354   
2039581087   
2034102514   
1478215415   
1866171840   
1841607240   
1829465310   
3213624707   
1731419405   
1850088381   
2060243131   
3213624707   
1731419405   
1850088381   
2060243131   
1835300037   
1182280465   
1920036451   
3641973700   
2104880184   
2026390595   
1435935965   
1671458230   
1456019857   
1715303360   
1843913575   
1910290173   
1883503261   
2261436394   
1342395795   
2261436394   
1342395795   
1964207223   
1512866561   
1434665842   
2118894733   
2133103161   
1909524023   
2407923170   
1803886721   
1134340003   

7_8_2
1663285094   
1885588824   
2253672532   
2253672532   
2490943412   
2244661443   
1304332497   
1925349851   
2178378707   
1488228740   
1909216274   
2255138752   
2170292797   
1678470655   
1940018447   
1498087871   
1601173705   
1071851197   
2628132635   
2363447524   
1743919070   
1503497432   
1934311132   
2012091951   
1496852457   
1923817190   
2151622323   
1663501622   
2098168167   
1748384880   
2032689823   
1405147110   
1497382971   
1963009567   
1888975557   
2276579317   
2210159215   
2301558273   
1946120947   
2495217223  


7_9_3
1638404983   
2240448037   
1973386167   
1269618551   
2159001285   
1821750514   
2170661355   
3048694123   
2001007727   
2123202553   
2420748167   
1058867941   
1862751615   
1947277343   
1280389331   
2670336012   
2881533762   
1744121717   
1248373857   
1783280223   
2000048795   
1778582110   
1728296407   
2959034033   
1725371503   
2265974820   
1400743947   
1956346171   
1770477354   
1785354327   
1750745151   
1827688734   
1043256405   
2654818311   
2290344005   
1870217355   
1279437810   
1728312680   
1881026215   
1802037171   
2078399892   
2370592231   
2231970642   
2115410523   
2240537274   
1738467801   
1856399894   
2110012040   
1866171840   
2106627247   
1789877711   
1688182437   
1900349241   
1959789691   
3345203762   
2026390595   
2827633644   
2158535314   
1846242497   
1839925894   
2728955263   
1903727184   
1752529210   
1791818605   
1737030833   
1759330667   
2783734892   
2713866913   
2467751515   
1841607240   
1830706350   
1732241822   
2682390840   
1820168311   
1749100171   
2034102514   
1636444627   
1958429877   
1883503261   
2693859610   
2039581087   
1045269490   
2299123034   
1704095162   
1901149905   
1706145742   
1905964443   
1920036451   
1733205711   
2104880184   
2104859620   
1850088381   
2186544947   
1720116174   
1829465310   
1818025871   
1073255215   
1099045693   
2936025195   
1932518997   
1835788867   
